'*',    54,     1,    25,    22,     5,     5,    75,     1
'SPENVIS 4.6.10.3408          - 23-Jul-2020 00:20:04'
'PRJ_DEF', -1,'TEST_PROJECT'
'PRJ_HDR', -1,'My Test Project'
'MOD_ABB', -1,'SEP'
'MIS_PLA',  1,   -3,' '
'MIS_NTR',  1,    1,' '
'MIS_STA',  1,   9862.00000000,' '
'MIS_END',  1,  15337.00000000,' '
'MIS_DUR',  1, 5.475000E+03,'days'
'SEP_IEL',  1,  1,' '
'SEP_JEL',  1,  1,' '
'SEP_MOD', -1,'ESP-PSYCHIC worst event fluence'
'SEP_TMI',  1,  1.0,'years'
'SEP_TMA',  1,  0.0,'years'
'SEP_DUR',  1,  1.0,'years'
'SEP_NCY',  1,  1,' '
'SEP_NOR',  1,  0,' '
'SEP_NAL',  1,  0,' '
'SEP_PRB',  1,  95.0,'%'
'SEP_OMN',  1, 1, ' '
'SEP_ABS', -1,'Energy'
'SEP_IGC',  1,  0,' '
'SEP_IGV',  1,  1,' '
'SEP_IST',  1,  0,' '
'PLT_HDR', -1,'ESP-PSYCHIC worst event fluence: solar protons'
'SPECIES', -1,'proton'
'PS Annotation',  8,  1
'Mission start: 01/01/1977 00:00:00'
 0.05, 0.00, 0.00
'Mission end: 29/12/1991 00:00:00'
 0.95, 0.00, 1.00
'Nr. of segments:   1'
 0.05, 1.50, 0.00
'Duration: 5475.00 days'
 0.95, 0.00, 1.00
'PS Annotation', 12,  0
'Solar particle model: ESP-PSYCHIC worst event fluence'
 0.05, 2.00, 0.00
'Mission duration: 1.00 years, spanning 1 solar cycles'
 0.10, 1.50, 0.00
'1.00 years in solar maximum'
 0.15, 1.50, 0.00
'0.00 years in solar minimum'
 0.15, 1.50, 0.00
'Confidence level: 95.000%'
 0.10, 1.50, 0.00
'Magnetic shielding:    off'
 0.10, 1.50, 0.00
'Energy','MeV', 1,'Energy'
'IFlux','cm!u-2!n', 1,'Integral Fluence'
'DFlux','cm!u-2!n MeV!u-1!n', 1,'Differential Fluence'
'Attenuation',' ', 1,'Orbit Averaged Proton Attenuation Factor'
'Exposure','hrs', 1,'Proton Exposure Time'
  1.0000E-01,  4.9253E+11,  2.8327E+12, 1.0000, 1.3140E+05
  1.1000E-01,  4.6599E+11,  2.4764E+12, 1.0000, 1.3140E+05
  1.2000E-01,  4.4301E+11,  2.1650E+12, 1.0000, 1.3140E+05
  1.4000E-01,  4.0504E+11,  1.7055E+12, 1.0000, 1.3140E+05
  1.6000E-01,  3.7479E+11,  1.3763E+12, 1.0000, 1.3140E+05
  1.8000E-01,  3.4999E+11,  1.1398E+12, 1.0000, 1.3140E+05
  2.0000E-01,  3.2919E+11,  9.6334E+11, 1.0000, 1.3140E+05
  2.2000E-01,  3.1145E+11,  8.2966E+11, 1.0000, 1.3140E+05
  2.5000E-01,  2.8915E+11,  6.7898E+11, 1.0000, 1.3140E+05
  2.8000E-01,  2.7071E+11,  5.6775E+11, 1.0000, 1.3140E+05
  3.2000E-01,  2.5050E+11,  4.5880E+11, 1.0000, 1.3140E+05
  3.5000E-01,  2.3778E+11,  3.9807E+11, 1.0000, 1.3140E+05
  4.0000E-01,  2.2002E+11,  3.2318E+11, 1.0000, 1.3140E+05
  4.5000E-01,  2.0546E+11,  2.6766E+11, 1.0000, 1.3140E+05
  5.0000E-01,  1.9326E+11,  2.2622E+11, 1.0000, 1.3140E+05
  5.5000E-01,  1.8284E+11,  1.9492E+11, 1.0000, 1.3140E+05
  6.3000E-01,  1.6896E+11,  1.5763E+11, 1.0000, 1.3140E+05
  7.1000E-01,  1.5762E+11,  1.3030E+11, 1.0000, 1.3140E+05
  8.0000E-01,  1.4706E+11,  1.0787E+11, 1.0000, 1.3140E+05
  9.0000E-01,  1.3732E+11,  8.9447E+10, 1.0000, 1.3140E+05
  1.0000E+00,  1.2917E+11,  7.5598E+10, 1.0000, 1.3140E+05
  1.1000E+00,  1.2220E+11,  6.4944E+10, 1.0000, 1.3140E+05
  1.2000E+00,  1.1618E+11,  5.6777E+10, 1.0000, 1.3140E+05
  1.4000E+00,  1.0622E+11,  4.4726E+10, 1.0000, 1.3140E+05
  1.6000E+00,  9.8287E+10,  3.6093E+10, 1.0000, 1.3140E+05
  1.8000E+00,  9.1783E+10,  2.9892E+10, 1.0000, 1.3140E+05
  2.0000E+00,  8.6331E+10,  2.5264E+10, 1.0000, 1.3140E+05
  2.2000E+00,  8.1678E+10,  2.1758E+10, 1.0000, 1.3140E+05
  2.5000E+00,  7.5829E+10,  1.7806E+10, 1.0000, 1.3140E+05
  2.8000E+00,  7.0994E+10,  1.5325E+10, 1.0000, 1.3140E+05
  3.2000E+00,  6.5285E+10,  1.3442E+10, 1.0000, 1.3140E+05
  3.5000E+00,  6.1439E+10,  1.1998E+10, 1.0000, 1.3140E+05
  4.0000E+00,  5.6125E+10,  9.6194E+09, 1.0000, 1.3140E+05
  4.5000E+00,  5.1820E+10,  7.8751E+09, 1.0000, 1.3140E+05
  5.0000E+00,  4.8250E+10,  7.2806E+09, 1.0000, 1.3140E+05
  5.5000E+00,  4.4539E+10,  6.8738E+09, 1.0000, 1.3140E+05
  6.3000E+00,  3.9740E+10,  5.4586E+09, 1.0000, 1.3140E+05
  7.1000E+00,  3.5806E+10,  4.9353E+09, 1.0000, 1.3140E+05
  8.0000E+00,  3.1347E+10,  4.4340E+09, 1.0000, 1.3140E+05
  9.0000E+00,  2.7491E+10,  3.4506E+09, 1.0000, 1.3140E+05
  1.0000E+01,  2.4445E+10,  2.6797E+09, 1.0000, 1.3140E+05
  1.1000E+01,  2.2131E+10,  2.1174E+09, 1.0000, 1.3140E+05
  1.2000E+01,  2.0210E+10,  1.7809E+09, 1.0000, 1.3140E+05
  1.4000E+01,  1.7208E+10,  1.2866E+09, 1.0000, 1.3140E+05
  1.6000E+01,  1.5064E+10,  9.3293E+08, 1.0000, 1.3140E+05
  1.8000E+01,  1.3476E+10,  7.1663E+08, 1.0000, 1.3140E+05
  2.0000E+01,  1.2198E+10,  6.5060E+08, 1.0000, 1.3140E+05
  2.2000E+01,  1.0874E+10,  6.0432E+08, 1.0000, 1.3140E+05
  2.5000E+01,  9.3205E+09,  4.5508E+08, 1.0000, 1.3140E+05
  2.8000E+01,  8.1431E+09,  3.6265E+08, 1.0000, 1.3140E+05
  3.2000E+01,  6.8515E+09,  2.9247E+08, 1.0000, 1.3140E+05
  3.5000E+01,  6.0426E+09,  2.5867E+08, 1.0000, 1.3140E+05
  4.0000E+01,  4.8408E+09,  2.0982E+08, 1.0000, 1.3140E+05
  4.5000E+01,  3.9443E+09,  1.5897E+08, 1.0000, 1.3140E+05
  5.0000E+01,  3.2512E+09,  1.2647E+08, 1.0000, 1.3140E+05
  5.5000E+01,  2.6796E+09,  1.0417E+08, 1.0000, 1.3140E+05
  6.3000E+01,  1.9761E+09,  7.2882E+07, 1.0000, 1.3140E+05
  7.1000E+01,  1.5135E+09,  5.1021E+07, 1.0000, 1.3140E+05
  8.0000E+01,  1.1232E+09,  3.7228E+07, 1.0000, 1.3140E+05
  9.0000E+01,  8.1915E+08,  2.4763E+07, 1.0000, 1.3140E+05
  1.0000E+02,  6.2791E+08,  1.5663E+07, 1.0000, 1.3140E+05
  1.1000E+02,  5.0590E+08,  1.0628E+07, 1.0000, 1.3140E+05
  1.2000E+02,  4.1534E+08,  8.1466E+06, 1.0000, 1.3140E+05
  1.4000E+02,  2.8879E+08,  5.1594E+06, 1.0000, 1.3140E+05
  1.6000E+02,  2.0896E+08,  3.3143E+06, 1.0000, 1.3140E+05
  1.8000E+02,  1.5621E+08,  2.2258E+06, 1.0000, 1.3140E+05
  2.0000E+02,  1.1993E+08,  1.5600E+06, 1.0000, 1.3140E+05
  2.2000E+02,  9.3814E+07,  1.1385E+06, 1.0000, 1.3140E+05
  2.5000E+02,  6.7186E+07,  7.4414E+05, 1.0000, 1.3140E+05
  2.8000E+02,  4.9165E+07,  5.0590E+05, 1.0000, 1.3140E+05
  3.2000E+02,  3.3986E+07,  3.0472E+05, 1.0000, 1.3140E+05
  3.5000E+02,  2.6526E+07,  2.1683E+05, 1.0000, 1.3140E+05
  4.0000E+02,  1.8336E+07,  1.3287E+05, 1.0000, 1.3140E+05
  4.5000E+02,  1.3239E+07,  8.4433E+04, 1.0000, 1.3140E+05
  5.0000E+02,  9.8930E+06,  4.9413E+04, 1.0000, 1.3140E+05
'End of Block'
'*',    52,     1,    25,    22,     3,     3,    75,     0
'SPENVIS 4.6.10.3408          - 23-Jul-2020 00:20:04'
'PRJ_DEF', -1,'TEST_PROJECT'
'PRJ_HDR', -1,'My Test Project'
'MOD_ABB', -1,'SEP'
'MIS_PLA',  1,   -3,' '
'MIS_NTR',  1,    1,' '
'MIS_STA',  1,   9862.00000000,' '
'MIS_END',  1,  15337.00000000,' '
'MIS_DUR',  1, 5.475000E+03,'days'
'SEP_IEL',  1,  1,' '
'SEP_JEL',  1,  1,' '
'SEP_MOD', -1,'ESP-PSYCHIC worst event fluence'
'SEP_TMI',  1,  1.0,'years'
'SEP_TMA',  1,  0.0,'years'
'SEP_DUR',  1,  1.0,'years'
'SEP_NCY',  1,  1,' '
'SEP_NOR',  1,  0,' '
'SEP_NAL',  1,  0,' '
'SEP_PRB',  1,  95.0,'%'
'SEP_OMN',  1, 1, ' '
'SEP_ABS', -1,'Energy'
'SEP_IGC',  1,  0,' '
'SEP_IGV',  1,  1,' '
'SEP_IST',  1,  0,' '
'PLT_HDR', -1,'ESP-PSYCHIC worst event fluence: solar ions'
'SPECIES', -1,'H '
'PS Annotation',  8,  1
'Mission start: 01/01/1977 00:00:00'
 0.05, 0.00, 0.00
'Mission end: 29/12/1991 00:00:00'
 0.95, 0.00, 1.00
'Nr. of segments:   1'
 0.05, 1.50, 0.00
'Duration: 5475.00 days'
 0.95, 0.00, 1.00
'PS Annotation', 12,  0
'Solar particle model: ESP-PSYCHIC worst event fluence'
 0.05, 2.00, 0.00
'Mission duration: 1.00 years, spanning 1 solar cycles'
 0.10, 1.50, 0.00
'1.00 years in solar maximum'
 0.15, 1.50, 0.00
'0.00 years in solar minimum'
 0.15, 1.50, 0.00
'Confidence level: 95.000%'
 0.10, 1.50, 0.00
'Magnetic shielding:    off'
 0.10, 1.50, 0.00
'Energy','MeV/n', 1,'Energy'
'IFlux','cm!u-2!n',  1,'Integral Fluence of ','SPECIES'
'DFlux','cm!u-2!n (MeV/n)!u-1!n',  1,'Differential Fluence of ','SPECIES'
  1.0000E-01,  4.9253E+11,  2.8327E+12
  1.1000E-01,  4.6599E+11,  2.4764E+12
  1.2000E-01,  4.4301E+11,  2.1650E+12
  1.4000E-01,  4.0504E+11,  1.7055E+12
  1.6000E-01,  3.7479E+11,  1.3763E+12
  1.8000E-01,  3.4999E+11,  1.1398E+12
  2.0000E-01,  3.2919E+11,  9.6334E+11
  2.2000E-01,  3.1145E+11,  8.2966E+11
  2.5000E-01,  2.8915E+11,  6.7898E+11
  2.8000E-01,  2.7071E+11,  5.6775E+11
  3.2000E-01,  2.5050E+11,  4.5880E+11
  3.5000E-01,  2.3778E+11,  3.9807E+11
  4.0000E-01,  2.2002E+11,  3.2318E+11
  4.5000E-01,  2.0546E+11,  2.6766E+11
  5.0000E-01,  1.9326E+11,  2.2622E+11
  5.5000E-01,  1.8284E+11,  1.9492E+11
  6.3000E-01,  1.6896E+11,  1.5763E+11
  7.1000E-01,  1.5762E+11,  1.3030E+11
  8.0000E-01,  1.4706E+11,  1.0787E+11
  9.0000E-01,  1.3732E+11,  8.9447E+10
  1.0000E+00,  1.2917E+11,  7.5598E+10
  1.1000E+00,  1.2220E+11,  6.4944E+10
  1.2000E+00,  1.1618E+11,  5.6777E+10
  1.4000E+00,  1.0622E+11,  4.4726E+10
  1.6000E+00,  9.8287E+10,  3.6093E+10
  1.8000E+00,  9.1783E+10,  2.9892E+10
  2.0000E+00,  8.6331E+10,  2.5264E+10
  2.2000E+00,  8.1678E+10,  2.1758E+10
  2.5000E+00,  7.5829E+10,  1.7806E+10
  2.8000E+00,  7.0994E+10,  1.5325E+10
  3.2000E+00,  6.5285E+10,  1.3442E+10
  3.5000E+00,  6.1439E+10,  1.1998E+10
  4.0000E+00,  5.6125E+10,  9.6194E+09
  4.5000E+00,  5.1820E+10,  7.8751E+09
  5.0000E+00,  4.8250E+10,  7.2806E+09
  5.5000E+00,  4.4539E+10,  6.8738E+09
  6.3000E+00,  3.9740E+10,  5.4586E+09
  7.1000E+00,  3.5806E+10,  4.9353E+09
  8.0000E+00,  3.1347E+10,  4.4340E+09
  9.0000E+00,  2.7491E+10,  3.4506E+09
  1.0000E+01,  2.4445E+10,  2.6797E+09
  1.1000E+01,  2.2131E+10,  2.1174E+09
  1.2000E+01,  2.0210E+10,  1.7809E+09
  1.4000E+01,  1.7208E+10,  1.2866E+09
  1.6000E+01,  1.5064E+10,  9.3293E+08
  1.8000E+01,  1.3476E+10,  7.1663E+08
  2.0000E+01,  1.2198E+10,  6.5060E+08
  2.2000E+01,  1.0874E+10,  6.0432E+08
  2.5000E+01,  9.3205E+09,  4.5508E+08
  2.8000E+01,  8.1431E+09,  3.6265E+08
  3.2000E+01,  6.8515E+09,  2.9247E+08
  3.5000E+01,  6.0426E+09,  2.5867E+08
  4.0000E+01,  4.8408E+09,  2.0982E+08
  4.5000E+01,  3.9443E+09,  1.5897E+08
  5.0000E+01,  3.2512E+09,  1.2647E+08
  5.5000E+01,  2.6796E+09,  1.0417E+08
  6.3000E+01,  1.9761E+09,  7.2882E+07
  7.1000E+01,  1.5135E+09,  5.1021E+07
  8.0000E+01,  1.1232E+09,  3.7228E+07
  9.0000E+01,  8.1915E+08,  2.4763E+07
  1.0000E+02,  6.2791E+08,  1.5663E+07
  1.1000E+02,  5.0590E+08,  1.0628E+07
  1.2000E+02,  4.1534E+08,  8.1466E+06
  1.4000E+02,  2.8879E+08,  5.1594E+06
  1.6000E+02,  2.0896E+08,  3.3143E+06
  1.8000E+02,  1.5621E+08,  2.2258E+06
  2.0000E+02,  1.1993E+08,  1.5600E+06
  2.2000E+02,  9.3814E+07,  1.1385E+06
  2.5000E+02,  6.7186E+07,  7.4414E+05
  2.8000E+02,  4.9165E+07,  5.0590E+05
  3.2000E+02,  3.3986E+07,  3.0472E+05
  3.5000E+02,  2.6526E+07,  2.1683E+05
  4.0000E+02,  1.8336E+07,  1.3287E+05
  4.5000E+02,  1.3239E+07,  8.4433E+04
  5.0000E+02,  9.8930E+06,  4.9413E+04
'End of File'